bgr: 0.4480231208399116
box: 5
cls: 3
copy_paste: 0.3035179277405696
data: "../datasets/dataset_split/dataset.yaml"
degrees: 0.34495933654765165
fliplr: 0.8385746115670336
flipud: 0.223754838404289
hsv_h: 0.05444684807558872
hsv_s: 0.12124997084296119
hsv_v: 0.288650786798125
lr0: 0.009820865040331671
lrf: 0.07756699016614735
mixup: 0.48372388453903514
momentum: 0.6774703491549261
mosaic: 0.4450648718497675
perspective: 0.0009914009881443217
scale: 0.8596328715973318
shear: 0.46662374559827247
translate: 0.3392546044194593
warmup_epochs: 2.3747061668080756
warmup_momentum: 0.24007062833353182
weight_decay: 0.000806827042888039